0.000727770224742566
0.000310468614986934
0.000413958153315912
0.000206979076657959
0.00010422883123458
0.000208783454151985
0.00021188009113643
0.000104703837634938
0.000206979076657955
0.000207957020684153
0.000206979076657958
0.000103980842594147
0.000211500679698976
0.000415895647768078
0.00168139466829936
0.000103980842594147
0.000310468614986937
0.000208451781919658
0.000803879186863969
0.000207957020684156
0.00181607150744641
0.000103980842594147
0.000646516054948382
0.000645398937130943
0.000211128021350916
0.000424113094437713
0.00136364221414979
0.000103980842594147
0.000208451781919658
0.000103980842594148
0.000209400552863342
0.000103980842594148
0.0192708335990965
0.000104394946084198
0.000623816397655594
0.000103980842594147
0.000206979076657958
0.000103980842594147
0.000315587854585285
0.000103980842594147
0.000207957020684155
0.000413958153315913
0.000104838628000124
0.000206979076657957
0.0023937480036623
0.000207957020684156
0.00173577851510217
0.000310468614986936
0.000103980842594148
0.00207834373355324
0.000207957020684155
0.000311928600689287
0.000209233339384937
0.000527470106780056
0.00500927582771558
0.000625286275384559
0.000207957020684155
0.000206979076657957
0.000629653282957328
0.00177675956493455
0.000103980842594147
0.000995570572776295
0.00100730814492037
0.00129882264660454
0.000104519929468157
0.000317163302575034
0.000317952696259967
0.0154284701097932
0.000104620155631794
0.000206979076657959
0.000103980842594151
0.000327230135052124
0.000206979076657956
0.000315498380359274
0.000532446650137214
0.000316921604745244
0.000923774997244752
0.000207957020684156
0.000206979076657954
0.000206979076657957
0.00363259730956778
0.000416880343582691
0.000634014287556022
0.00286617717088006
0.000103980842594147
0.000206979076657955
0.000310468614986936
0.00106353791838009
0.00010422883123458
0.000103980842594147
0.000724426768302849
0.000206979076657957
0.000945884226152966
0.00259851180235689
0.00010451992946816
0.000206979076657954
0.000207957020684154
0.000635040328018371
0.000315331191923895
0.0216760259497397
0.000209443601839546
0.000310468614986936
0.000104519929468156
0.00321313431715535
0.000206979076657957
0.00207544717991511
0.000206979076657959
0.000311928600689286
0.000206979076657959
0.000740923096025224
0.000413958153315916
0.000208944160865616
0.000877336519020457
0.00010422883123458
0.000206979076657955
0.0107832839253619
0.000207957020684155
0.000318124237768667
0.000104838628000125
0.000858132813613459
0.00257649733957974
0.000103980842594147
0.0051394821691078
0.000420014834528464
0.000420513879441663
0.000103980842594148
0.011228150614518
0.000103980842594147
0.000419843419618207
0.00208516925621714
0.00010451992946816
0.000208451781919659
0.00010451992946816
0.000103980842594147
0.000103980842594147
0.000207957020684155
0.000207957020684156
0.00021090779908513
0.000103980842594147
0.000210535067172845
0.000103980842594147
0.0010190113718937
0.000314149456014082
0.000103980842594147
0.000210401388094145
0.00112554768474325
0.000103980842594151
0.000104394946084194
0.000426595084101955
0.000879070729944529
0.000211181053850823
0.000649147025446601
0.000443723574775109
0.000103980842594148
0.000103980842594147
0.000208451781919658
0.000555122721798647
0.0150170757827747
0.00155945738391388
0.000208944160865617
0.000103980842594147
0.00741899409893346
0.00010422883123458
0.000103980842594151
0.000948763287756702
0.000207957020684155
0.000315643867694318
0.00886482120205857
0.00434189384598285
0.00406418011980403
0.000310468614986935
0.000206979076657956
0.000103980842594147
0.00295210011147445
0.000417851018169708
0.000103980842594148
0.023630642579562
0.000104394946084194
0.000426710162133141
0.000206979076657955
0.000210738182591679
0.000103489538328979
0.000103980842594147
0.000103980842594147
0.000207957020684154
0.000103980842594147
0.000104519929468156
0.000206979076657959
0.000103980842594147
0.000103980842594147
0.000217987994872052
0.000217987994872052
0.000320257342633947
0.000103980842594147
0.000620937229973871
0.000104991050763624
0.000763587371131581
0.000104519929468156
0.000104228831234578
0.000206979076657959
0.000206979076657959
0.000206979076657958
0.000311928600689289
0.000206979076657959
0.000206979076657959
0.000413958153315913
0.000103980842594147
0.0126632437349642
0.000206979076657958
0.000640054996857361
0.000311928600689286
0.00115928808940439
0.000310468614986936
0.000206979076657955
0.000206979076657955
0.00010422883123458
0.000104894649173751
0.000103980842594147
0.000103980842594148
0.000104228831234579
0.00410885792992917
0.0016380231367203
0.00155727406317048
0.000103980842594147
0.000206979076657957
0.000206979076657955
0.000103980842594148
0.000523529993027422
0.000207957020684155
0.000415895647768077
0.00131273222850025
0.000214184384003625
0.000103980842594147
0.000103980842594147
0.000103980842594147
0.00236584612079514
0.000207957020684155
0.000207957020684155
0.000103980842594147
0.000208451781919658
0.000316698061867938
0.00367429055490429
0.000206979076657957
0.00010422883123458
0.000104228831234579
0.000311928600689287
0.00175236607460282
0.000413958153315916
0.000103980842594147
0.000313165603221283
0.000103980842594147
0.000413958153315913
0.000104394946084194
0.000104394946084194
0.00433440737761426
0.000208783454151981
0.00101392796730563
0.00116378044336563
0.0105499521589392
0.000312668927882493
0.00010451992946816
0.000319547996699425
0.000104775679819443
0.000208783454151981
0.000206979076657955
0.000206979076657959
0.000206979076657959
0.00031340218514266
0.000206979076657959
0.000103980842594147
0.000103980842594147
0.000643681418943299
0.00181125842028596
0.000317461061479362
0.000534923014228374
0.000310468614986934
0.000103980842594147
0.000206979076657954
0.000209033098638341
0.000206979076657955
0.00411715018640193
0.00195810927692234
0.000316850155510154
0.00111053611114187
0.000206979076657955
0.000103980842594147
0.000103980842594147
0.000533354497726211
0.000420755175336853
0.00321515009821222
0.000206979076657955
0.000528485521425203
0.000207957020684154
0.00300509495299887
0.000207957020684154
0.00117065415779752
0.000104394946084198
0.000207957020684155
0.000103980842594148
0.000524745684169547
0.000206979076657959
0.000788781519516983
0.000211854577211567
0.00079290162921783
0.000103980842594147
0.00010422883123458
0.000757787259042392
0.000211796274570618
0.000206979076657954
0.0146012219847832
0.000310468614986934
0.000103980842594147
0.000422512302894512
0.000104519929468156
0.000207957020684155
0.000210455933363858
0.000319122506315198
0.00438476226535205
0.000104394946084194
0.000531213338422821
0.000210058829982883
0.000206979076657959
0.000104838628000125
0.000417541470910147
0.000103980842594147
0.0057301487799713
0.000207957020684155
0.000312668927882493
0.000420014834528466
0.000103980842594147
0.000209400552863343
0.000312668927882494
0.000310468614986935
0.000103980842594147
0.000103980842594147
0.000313402185142661
0.0011042626242718
0.000206979076657955
0.000206979076657955
0.000206979076657954
0.000206979076657955
0.000104394946084194
0.000206979076657955
0.000209033098638341
0.00667572356354624
0.000206979076657955
0.000539441849267816
0.000207957020684155
0.000318597186812207
0.000313402185142662
0.000104394946084198
0.000103980842594147
0.000103980842594151
0.000519858225848214
0.000206979076657955
0.000208783454151985
0.000103980842594147
0.00010422883123458
0.000104838628000125
0.000212660206344993
0.00128800140492783
0.000768560583352094
0.00553813427100666
0.000209882789235493
0.000103980842594147
0.000104394946084194
0.00041884487250815
0.0012751795467636
0.000208451781919658
0.000103980842594147
0.000103980842594147
0.00031640177454897
0.0148239363522294
0.000103980842594147
0.000103980842594147
0.00010422883123458
0.000210930742935541
0.00120807140230663
0.000104394946084194
0.000751886297300511
0.000519858225848212
0.000207957020684155
0.000415895647768077
0.000103980842594147
0.000517447691644892
0.000206979076657959
0.00020994542442977
0.00010422883123458
0.000217987994872052
0.000743464474561779
0.00654934356196876
0.000527470106780054
0.000206979076657959
0.0013986941594156
0.000310468614986935
0.000103980842594147
0.0012418801224237
0.00010422883123458
0.00305911201620197
0.000320886239308602
0.000206979076657954
0.000538163765066657
0.000312668927882493
0.00309229554501512
0.000210401388094144
0.000206979076657959
0.000206979076657959
0.000104519929468156
0.00375874367452261
0.000104228831234579
0.000963717440254002
0.000873610786368352
0.000310468614986934
0.00159358875787393
0.00862032612920143
0.000420014834528464
0.00021023258213391
0.000210136648650747
0.000104838628000125
0.000103980842594147
0.000545962371296334
0.000316671308113018
0.000104394946084194
0.00021033986995641
0.000311928600689287
0.000207957020684155
0.0150540793093156
0.000103980842594147
0.00302871814815937
0.000104519929468156
0.000517447691644892
0.000104394946084194
0.00020994542442977
0.0158374537476817
0.000208451781919658
0.000104703837634937
0.00031414945601408
0.000104519929468156
0.000104775679819443
0.000434282894822525
0.000321255615357882
0.000646943971288384
0.000103980842594147
0.000104394946084194
0.00021187901423215
0.000104703837634937
0.000103980842594147
0.00010422883123458
0.000208783454151981
0.000207957020684155
0.00010422883123458
0.000209443601839545
0.000103980842594147
0.000207957020684154
0.000732197483730134
0.0034228472458882
0.00173108761349382
0.000104394946084194
0.000104228831234579
0.000207957020684154
0.00010422883123458
0.00112833762586274
0.000104519929468156
0.000419824508209367
0.000104394946084194
0.00010422883123458
0.00198357505234553
0.0825144313108539
0.000103980842594147
0.000103980842594147
0.000104519929468156
0.000206979076657955
0.000315643867694313
0.00010422883123458
0.000416880343582692
0.000521911133469003
0.000206979076657955
0.000311928600689288
0.000103980842594147
0.00101628053337256
0.00010422883123458
0.000310468614986933
0.000413958153315915
0.000310468614986934
0.000517447691644892
0.000310468614986935
0.0107321468013237
0.000206979076657955
0.00133942799549588
0.000103980842594147
0.000206979076657955
0.000206979076657954
0.000208451781919658
0.00010422883123458
0.000206979076657959
0.000420418217110416
0.0101300900006407
0.00286570054365994
0.000104620155631795
0.000207957020684155
0.000103980842594147
0.00021023258213391
0.00115399430745403
0.00615187099184796
0.000207957020684155
0.00010422883123458
0.000208451781919658
0.000207957020684156
0.00010422883123458
0.000208944160865616
0.0128889360576918
0.000313165603221279
0.000209233339384938
0.000207957020684155
0.000206979076657959
0.000528097343064462
0.000207957020684155
0.000104519929468156
0.000104228831234579
0.000206979076657955
0.000206979076657955
0.000206979076657959
0.00189654698732082
0.000310468614986933
0.000103980842594147
0.000765955550499632
0.000522290791349767
0.00052477501731266
0.000310468614986935
0.000103980842594147
0.00552518856895441
0.00173110803710753
0.000415895647768077
0.000310468614986933
0.000206979076657955
0.000103980842594147
0.000310468614986934
0.000103980842594147
0.00285515589375461
0.00278823991653529
0.00301245997490868
0.00031414945601408
0.00201689442573316
0.00108107748181576
0.000517447691644889
0.000209544124043038
0.000104620155631795
0.000956771729020282
0.00010422883123458
0.000522290791349763
0.000206979076657955
0.00152197724597815
0.000104620155631795
0.000206979076657955
0.00105205455028134
0.000206979076657955
0.000413958153315914
0.000104394946084194
0.000104394946084194
0.000103980842594147
0.0555122583004654
0.00091260038297839
0.000206979076657958
0.000206979076657959
0.000206979076657955
0.000935665085260729
0.000206979076657954
0.00010422883123458
0.000206979076657955
0.000207957020684155
0.00370130385805793
0.00140935814097644
0.00031488955643489
0.00020977841985492
0.000103980842594151
0.00010422883123458
0.000103980842594147
0.000103980842594147
0.000631452867693933
0.000422008587047511
0.000422512302894514
0.000104394946084194
0.0112319258854309
0.000960829983833791
0.00187180532887611
0.00142753194138548
0.00041589564776808
0.000104620155631795
0.000314661843441925
0.000104620155631795
0.00188925630995989
0.000103980842594147
0.000420387793322864
0.000104519929468156
0.000310468614986935
0.000103980842594147
0.000103980842594147
0.0013837897885963
0.00010422883123458
0.00319970220777922
0.001668941489104
0.000103980842594147
0.00193815558158884
0.000623816397655596
0.00010422883123458
0.00426662845316373
0.000103980842594147
0.000206979076657959
0.000103980842594147
0.000413958153315915
0.00010422883123458
0.000310468614986934
0.000413958153315915
0.000310468614986934
0.000103980842594147
0.000427854866682323
0.000545728567875707
0.00108579126562076
0.000104394946084194
0.00010422883123458
0.000311928600689288
0.000103980842594147
0.000207957020684156
0.000103980842594147
0.000104519929468156
0.000208451781919658
0.000313839632774322
0.000316560077637707
0.000310468614986934
0.000103980842594147
0.000206979076657955
0.000103980842594147
0.00127053407637522
0.000519858225848213
0.00042494685992045
0.000310468614986935
0.000318756613038409
0.0139828719931185
0.000637076674049321
0.000424626752997223
0.000103980842594147
0.000311928600689287
0.000104394946084194
0.000206979076657955
0.000206979076657955
0.00063215690250918
0.000207957020684155
0.00010422883123458
0.000206979076657954
0.000206979076657955
0.00520851189161985
0.00032268341322965
0.00010422883123458
0.000635019598537875
0.000209400552863343
0.000103980842594147
0.000103980842594147
0.000517447691644892
0.000103980842594147
0.000206979076657955
0.000209033098638342
0.000206979076657959
0.00010422883123458
0.000637905237861264
0.00519540095574928
0.000209443601839546
0.000521086102143904
0.000103980842594147
0.000103980842594147
0.000317069117773438
0.00285845801620646
0.000216497875081928
0.0314818860442498
0.000526242061874128
0.00020977841985492
0.000206979076657954
0.000103980842594147
0.000415895647768078
0.000316531039565852
0.000208451781919657
0.000103980842594147
0.000211077141343281
0.000774108748665462
0.000209669931778588
0.000206979076657955
0.000103980842594147
0.000323691063820497
0.000319924838152004
0.00530310061187055
0.000316560077637707
0.000208783454151981
0.000104620155631795
0.00031266892788249
0.000316087642187292
0.000315404007485841
0.000658576544652084
0.000104394946084194
0.000732869899791645
0.000870474715011788
0.000206979076657954
0.000526592802613464
0.00053060612000004
0.000314149456014081
0.000317857000252333
0.000103980842594147
0.000211755147435469
0.000971810859172719
0.000104620155631795
0.00232885057599548
0.000519858225848215
0.000314493994318068
0.00184661616643807
0.000208451781919658
0.000103980842594147
0.00187411661492897
0.000211053435280215
0.000310468614986934
0.000319222613262727
0.000310468614986935
0.00376725928915109
0.000310468614986934
0.000103980842594147
0.000207957020684155
0.00107783685327719
0.000104394946084194
0.000206979076657955
0.000313165603221283
0.000103980842594147
0.00010422883123458
0.000103980842594147
0.000208944160865616
0.000208451781919657
0.000103980842594147
0.000104519929468156
0.00118840363468295
0.000206979076657955
0.000207957020684155
0.000206979076657955
0.00010422883123458
0.000103980842594147
0.00422383133948297
0.000730632141547499
0.000206979076657959
0.000103980842594147
0.000206979076657954
0.000310468614986934
0.000310468614986934
0.000206979076657959
0.000103980842594147
0.000209233339384938
0.000103980842594147
0.000206979076657959
0.000206979076657954
0.000206979076657955
0.000207957020684155
0.000419512170396452
0.000103980842594147
0.000103980842594147
0.000206979076657954
0.000207957020684155
0.000631150231271025
0.000517447691644894
0.000206979076657954
0.000103980842594147
0.000313402185142661
0.000206979076657954
0.000206979076657954
0.000310468614986934
0.000731143671266995
0.000415895647768076
0.000104394946084194
0.000206979076657955
0.000939961826895669
0.0134526545009652
0.000206979076657959
0.000206979076657954
0.000310468614986934
0.000103980842594147
0.000206979076657959
0.00010422883123458
0.00415956805397898
0.000208783454151981
0.00107121331453085
0.000310468614986934
0.000206979076657959
0.000419310897154558
0.000523529993027422
0.00010422883123458
0.00134680349942707
0.000207957020684155
0.00230502216324091
0.000104394946084194
0.000310468614986934
0.000522290791349768
0.000206979076657954
0.000311928600689287
0.00107315942535432
0.000316531039565853
0.00700774197917742
0.000209882789235488
0.000630697368975331
0.000104394946084194
0.000206979076657954
0.00346427656550659
0.000208783454151981
0.00158259430189603
0.000207957020684155
0.000206979076657959
0.000971079914398997
0.0179430808427622
0.000103980842594147
0.000104394946084194
0.000206979076657954
0.000103980842594147
0.000206979076657959
0.000310468614986934
0.000206979076657959
0.000206979076657954
0.000418039476987446
0.000313402185142661
0.000206979076657959
0.000519858225848214
0.000206979076657959
0.000103980842594147
0.000517447691644894
0.00010422883123458
0.000103489538328979
0.000314090227834578
0.000206979076657959
0.00010422883123458
0.0113573185222552
0.00392737265253246
0.000103980842594147
0.000415895647768079
0.000413958153315914
0.000424529438923505
0.000209033098638342
0.000207957020684155
0.000104394946084194
0.000206979076657959
0.000310468614986934
0.000734547499364496
0.000206979076657959
0.000207957020684155
0.000103980842594147
0.000740398933577825
0.000206979076657959
0.000206979076657954
0.000519858225848214
0.000206979076657959
0.000206979076657959
0.0319340735843821
0.000103980842594147
0.000206979076657959
0.000209443601839546
0.000103980842594147
